1000
2048000
192
393216
384
442368
384
442368
384
1548288
448
917504
384
442368
384
442368
384
786432
320
655360
192
245760
384
442368
384
442368
384
1548288
448
573440
384
442368
384
442368
384
491520
320
409600
192
331776
192
258048
192
258048
192
147456
320
552960
192
147456
192
147456
192
258048
192
258048
192
258048
192
258048
192
147456
192
258048
192
258048
192
147456
192
147456
192
147456
192
215040
160
179200
160
179200
160
179200
160
122880
192
215040
160
179200
160
122880
192
147456
192
147456
192
215040
160
179200
160
179200
160
179200
160
122880
192
215040
160
179200
160
122880
192
147456
192
147456
192
172032
128
114688
128
114688
128
114688
128
98304
192
172032
128
114688
128
98304
192
147456
96
82944
96
55296
64
18432
384
995328
64
18432
96
82944
96
55296
64
18432
64
76800
48
13824
64
18432
64
16384
96
82944
96
55296
64
16384
64
76800
48
12288
64
16384
32
6144
96
82944
96
55296
64
12288
64
76800
48
9216
64
12288
192
138240
80
5120
64
18432
32
9216
32
864
