256
65536
65536
256
65536
65536
256
65536
65536
256
65536
65536
256
65536
65536
256
65536
65536
256
65536
65536
256
65536
65536
256
65536
65536
256
65536
65536
256
65536
65536
256
65536
65536
256
65536
65536
256
65536
65536
256
65536
65536
256
65536
65536
256
65536
65536
256
65536
65536
256
65536
65536
256
65536
65536
256
65536
65536
256
65536
65536
256
65536
65536
256
65536
65536
256
65536
65536
256
65536
65536
256
65536
65536
256
65536
65536
256
65536
65536
256
65536
65536
256
65536
65536
256
65536
65536
256
65536
65536
256
65536
65536
256
65536
65536
256
65536
65536
256
65536
65536
256
65536
65536
256
65536
65536
256
65536
65536
