1000
1056000
176
176
30976
1584
176
176
30976
1584
176
176
30976
1584
176
176
30976
1584
176
176
30976
4400
176
176
30976
4400
176
176
30976
1584
176
176
30976
1584
176
176
30976
4400
176
176
30976
4400
176
176
185856
176
176
185856
176
176
30976
1584
176
176
30976
1584
176
176
30976
1584
176
176
30976
1584
176
176
30976
4400
176
176
30976
4400
176
176
30976
1584
176
176
30976
1584
176
176
30976
4400
176
176
30976
4400
176
176
185856
176
176
185856
176
176
30976
1584
176
176
30976
1584
176
176
30976
1584
176
176
30976
1584
176
176
30976
4400
176
176
30976
4400
176
176
30976
1584
176
176
30976
1584
176
176
30976
4400
176
176
30976
4400
176
176
185856
176
176
123904
176
176
30976
1584
176
176
30976
1584
176
176
30976
1584
176
176
30976
1584
176
176
30976
4400
176
176
30976
4400
176
176
30976
1584
176
176
30976
1584
176
176
30976
4400
176
176
30976
4400
176
176
123904
176
176
46464
46464
176
176
30976
1584
176
176
30976
1584
176
176
30976
4400
176
176
30976
4400
176
176
30976
8624
176
176
30976
8624
176
176
30976
8624
176
176
30976
8624
176
176
30976
4400
176
176
30976
4400
176
176
92928
176
176
92928
1000
768000
768
768
1572864
128
128
67584
88
88
7744
792
88
88
7744
792
88
88
7744
792
88
88
7744
792
88
88
7744
2200
88
88
7744
2200
88
88
7744
792
88
88
7744
792
88
88
7744
2200
88
88
7744
2200
88
88
46464
88
88
46464
88
88
7744
792
88
88
7744
792
88
88
7744
792
88
88
7744
792
88
88
7744
2200
88
88
7744
2200
88
88
7744
792
88
88
7744
792
88
88
7744
2200
88
88
7744
2200
88
88
46464
88
88
46464
88
88
7744
792
88
88
7744
792
88
88
7744
792
88
88
7744
792
88
88
7744
2200
88
88
7744
2200
88
88
7744
792
88
88
7744
792
88
88
7744
2200
88
88
7744
2200
88
88
46464
88
88
30976
88
88
7744
792
88
88
7744
792
88
88
7744
792
88
88
7744
792
88
88
7744
2200
88
88
7744
2200
88
88
7744
792
88
88
7744
792
88
88
7744
2200
88
88
7744
2200
88
88
30976
88
88
11616
11616
88
88
7744
792
88
88
7744
792
88
88
7744
2200
88
88
7744
2200
88
88
7744
4312
88
88
7744
4312
88
88
7744
4312
88
88
7744
4312
88
88
7744
2200
88
88
7744
2200
88
88
23232
88
88
23232
44
44
1936
396
44
44
1936
396
44
44
1936
396
44
44
1936
396
44
44
1936
1100
44
44
1936
1100
44
44
1936
396
44
44
1936
396
44
44
1936
1100
44
44
1936
1100
44
44
11616
44
44
11616
44
44
1936
396
44
44
1936
396
44
44
1936
396
44
44
1936
396
44
44
1936
1100
44
44
1936
1100
44
44
1936
396
44
44
1936
396
44
44
1936
1100
44
44
1936
1100
44
44
11616
44
44
11616
44
44
1936
396
44
44
1936
396
44
44
1936
396
44
44
1936
396
44
44
1936
1100
44
44
1936
1100
44
44
1936
396
44
44
1936
396
44
44
1936
1100
44
44
1936
1100
44
44
11616
44
44
3872
44
44
1936
396
44
44
1936
396
44
44
1936
396
44
44
1936
396
44
44
1936
1100
44
44
1936
1100
44
44
1936
396
44
44
1936
396
44
44
1936
1100
44
44
1936
1100
44
44
3872
44
44
968
968
22
22
484
198
22
22
484
198
22
22
484
550
22
22
484
550
22
22
484
1078
22
22
484
1078
22
22
484
1078
22
22
484
1078
22
22
484
550
22
22
484
550
22
22
968
22
22
352
352
11
11
121
99
11
11
121
99
11
11
121
275
11
11
352
800
11
11
121
539
11
11
352
1568
11
11
121
539
11
11
352
1568
11
11
121
275
11
11
121
275
11
11
352
32
32
864
